
jcCondMat
(1.0, (48341, 79991))
(1.0, (10237, 21743))
(1.0, (39278, 51178))
(1.0, (73812, 73851))
(1.0, (51178, 82334))
(1.0, (15562, 54062))
(1.0, (58630, 60578))
(1.0, (779, 66121))
(1.0, (93682, 104502))
(1.0, (6461, 50694))
(1.0, (51178, 106086))
(1.0, (57094, 95955))
(1.0, (22429, 93510))
(1.0, (90335, 92221))
(1.0, (68666, 77582))
(1.0, (61010, 97678))
(1.0, (53273, 57242))
(1.0, (12135, 73357))
(1.0, (27732, 85316))
(1.0, (31082, 86158))


jcAstroPh
(1.0, (117812, 117989))
(1.0, (3003, 110424))
(1.0, (32513, 88563))
(1.0, (5873, 38899))
(1.0, (47732, 91813))
(1.0, (97494, 99802))
(1.0, (45790, 82411))
(1.0, (48576, 95880))
(1.0, (94638, 99450))
(1.0, (50011, 88913))
(1.0, (73906, 97590))
(1.0, (8072, 93608))
(1.0, (120800, 123800))
(1.0, (3105, 26355))
(1.0, (3138, 39598))
(1.0, (82705, 101219))
(1.0, (7934, 105546))
(1.0, (43714, 104288))
(1.0, (55206, 111635))
(1.0, (37861, 50991))

